lip 196 36 80
eyeline 14 12 10
eyeshadow 14 12 10
451 395
452 426
457 457
465 487
477 517
494 544
514 568
538 586
566 590
593 586
617 569
637 546
653 519
664 489
669 456
672 425
672 393
469 375
484 364
504 363
523 367
541 376
585 374
601 365
618 361
635 361
649 369
563 396
563 418
564 439
565 460
547 475
555 478
564 481
573 478
582 474
493 399
505 393
520 393
532 403
518 405
504 405
593 402
604 392
619 390
631 397
621 403
606 404
528 514
542 505
556 500
565 503
576 500
590 504
603 513
591 526
577 533
566 534
555 533
542 527
535 515
556 514
565 515
576 514
596 514
576 514
566 515
556 514
