lip 196 36 80
eyeline 14 12 10
eyeshadow 14 12 10
484 453
485 480
490 507
496 534
507 560
523 584
544 604
569 617
596 621
623 614
645 599
661 578
674 554
682 529
687 503
689 477
688 452
502 439
516 430
533 430
550 432
567 440
608 437
623 428
640 425
655 425
668 433
588 457
589 475
590 494
590 512
573 525
582 528
590 531
599 528
607 524
524 461
535 456
548 456
558 464
547 466
534 466
616 461
627 452
639 452
650 457
641 462
628 463
554 560
567 552
581 547
591 550
601 547
615 550
628 557
617 569
604 575
592 576
582 575
568 571
561 560
581 559
591 559
602 558
622 557
602 559
592 560
582 560
