lip 196 36 80
eyeline 14 12 10
eyeshadow 14 12 10
488 273
489 301
493 328
499 356
508 384
522 409
541 431
567 446
595 451
624 447
647 430
664 406
676 378
685 349
692 320
695 291
695 263
510 254
523 246
539 246
555 251
571 258
613 258
628 250
643 245
658 244
672 252
592 280
593 299
594 318
594 338
578 352
586 355
594 358
602 355
610 351
531 280
541 275
553 275
563 283
552 286
540 286
620 282
630 274
642 273
652 277
644 283
632 284
559 389
572 381
586 376
596 379
605 376
619 380
631 387
620 402
607 408
596 409
586 409
572 403
565 389
586 389
596 389
606 389
624 388
606 390
596 391
586 390
