lip 196 36 80
eyeline 14 12 10
eyeshadow 14 12 10
739 323
742 348
746 373
752 397
763 419
779 437
797 453
818 466
840 469
861 464
880 447
897 428
910 406
918 381
920 355
922 329
923 303
757 300
769 294
783 294
797 297
811 303
849 301
862 294
876 289
890 287
904 291
830 321
831 337
832 353
834 369
821 380
828 382
835 384
842 381
849 379
776 323
785 318
796 317
805 325
795 328
784 328
856 321
864 312
876 311
885 315
878 321
867 323
804 414
815 404
827 399
836 401
844 398
856 402
866 411
858 421
847 427
838 428
829 428
816 424
811 414
828 411
836 410
845 410
860 412
845 412
837 413
828 413
