lip 196 36 80
eyeline 14 12 10
eyeshadow 14 12 10
387 426
395 476
407 524
419 571
437 617
462 659
492 695
529 724
571 733
615 726
660 700
699 664
731 620
752 571
763 518
769 462
769 406
406 405
426 388
456 385
488 390
521 400
595 401
625 384
657 373
692 370
723 382
555 442
557 474
558 507
559 541
530 559
546 564
564 568
582 562
599 554
448 446
468 435
493 433
517 448
491 455
467 456
613 443
634 425
660 423
685 431
663 444
637 448
505 620
527 610
549 602
567 603
585 598
611 601
640 611
615 633
589 645
570 649
550 648
528 641
518 622
550 619
568 619
586 616
627 613
587 619
569 622
551 622
